Total No of Frames = 65000  (1 frame = 2 msec)

Cell No.   X      Y    N_Spikes  Frames
Cell#001  008.6  106.2   024 :   3661  3913  4748  11491  14808  15183  15609  21332  21842  22031  22053  23566  25666  26042  27230  28081  28419  38274  41959  41980  42017  42054  63240  63396 
Cell#002  008.6  054.6   008 :   28841  33844  35162  36070  48091  48110  48124  49241 
Cell#003  014.4  155.0   016 :   3653  8093  8113  8356  17542  25726  26272  26524  30657  30798  30859  31204  31271  31389  45996  63506 
Cell#004  017.2  229.7   027 :   6224  6352  6364  6403  7394  9106  14495  14542  15751  15785  15821  15849  15876  16085  24338  24562  24582  24595  24652  24785  24823  24866  24922  26014  26130  45382  51599 
Cell#005  017.2  189.5   024 :   6435  6441  6450  6471  6483  6514  6594  6609  6651  6705  49618  59114  59129  59142  59157  59184  59226  59295  59328  60173  60185  60200  60213  60228 
Cell#006  017.2  117.7   022 :   43997  45854  45895  45921  46663  46979  46985  46994  47003  47017  47120  48059  48085  48096  48112  48124  48193  49125  49135  49175  49195  50226 
Cell#007  020.1  083.3   013 :   2577  2590  2695  8761  8770  8800  8819  27414  27452  27479  27494  52612  62110 
Cell#008  023.0  040.2   003 :   33903  40057  46145 
Cell#009  023.0  060.3   073 :   827  828  833  882  897  1957  1993  2005  11135  11228  11362  11450  11498  13188  13209  17477  17561  19669  19702  19774  20137  20157  20175  20203  20394  20816  21152  21252  21309  21364  21547  27552  28056  28130  28202  28224  28252  28425  28464  36094  36179  36199  36331  36436  42834  43164  43186  43348  43378  43391  43405  43435  46693  47295  47322  47344  47382  47595  47649  47788  47820  47854  47881  47972  48280  56261  56370  56451  57426  61776  61912  61967  62040 
Cell#010  023.0  218.2   002 :   23437  24244 
Cell#011  025.8  166.5   026 :   3662  3669  3699  3719  4876  7874  8092  8098  8112  17540  17585  24631  24713  26266  26277  26289  26306  31205  31213  31223  31251  45408  55310  55317  55448  58513 
Cell#012  028.7  103.4   060 :   373  1953  2072  2696  2891  11347  11417  11484  11590  11677  12829  13044  13104  13126  13651  16594  16641  17554  19224  19758  19763  19914  20169  20227  20282  20558  20651  20749  21405  21426  24691  24707  24850  25145  25171  25200  27880  27893  27922  28147  28159  28180  28235  28405  28650  31772  36251  36448  36461  36522  36670  36805  43363  43404  43440  43467  55876  56042  57343  57394 
Cell#013  034.5  048.8   012 :   4800  28733  28780  31782  31899  31914  32049  32149  38674  38688  38735  38773 
Cell#014  034.5  083.3   250 :   569  587  602  631  705  827  943  951  1028  1046  1763  1794  2003  2023  2079  2101  2244  2249  2307  2358  2373  2391  2506  2570  2702  2727  5340  5350  5366  5377  5502  6799  6809  6868  6899  6941  6967  7138  9794  9800  9823  9834  9859  10607  10723  10735  10759  10768  11082  11105  11126  11239  11482  11661  11769  12149  12308  12374  12700  12753  12976  12995  13060  13142  13186  13263  13294  13346  13361  15643  15650  15663  15729  15748  15761  16028  17559  17581  17591  17613  17643  19712  19726  19738  19796  20047  20062  20090  20124  20152  20234  20330  20650  21148  21180  21219  21255  21333  21494  24176  24188  24224  24234  25446  25458  25487  25740  26638  26645  26660  26701  26806  27964  27983  28024  28055  28067  28171  28385  28521  28582  28669  28687  28697  28713  28757  28842  28873  28965  28992  29164  29171  29208  29305  31693  31703  31716  31730  31743  31772  31788  31926  32001  32023  32044  32062  32137  32217  32484  32493  32506  32534  32742  35524  35534  35563  35577  35593  35627  35672  35797  35910  36184  36204  36218  36236  36244  36258  36289  36967  36982  37076  37146  38438  38452  39907  39919  39928  39982  40081  40139  42846  42862  42902  42938  42989  43028  43036  43089  43118  43249  43261  43285  43338  43394  43445  43500  47167  47173  47299  47328  47364  47397  47591  47644  47723  47859  47887  47957  48017  48280  48297  48333  48404  49064  49123  49244  49270  49286  49303  56017  56024  56036  56161  56236  56254  56370  56378  56393  56535  56796  57113  57183  57198  57213  57346  57381  57409  58024  61659  61671  61679  61750  61935  61978  62040  62062  62119  62585  62598 
Cell#015  034.5  140.7   011 :   21258  29283  29506  29564  41358  41368  41410  41444  41654  48756  62754 
Cell#016  037.3  031.6   001 :   5 
Cell#017  045.9  011.5   005 :   20114  20148  35509  56223  56616 
Cell#018  048.8  169.4   009 :   28138  39051  39058  39065  39090  39108  39191  39224  39268 
Cell#019  051.7  149.3   019 :   522  7851  7864  7876  7889  7905  7928  7954  8023  8435  10723  16184  16191  16201  16240  16284  29164  38427  39910 
Cell#020  051.7  206.7   026 :   777  1296  6496  6513  6535  6586  6914  10079  10188  15269  15345  27873  28270  35079  35099  35119  38881  41305  41371  41400  45735  48209  53343  53897  53910  53941 
Cell#021  051.7  134.9   253 :   531  558  584  633  701  751  823  947  1046  1773  1927  2009  2031  2046  2059  2092  2141  2181  2233  2254  2372  2400  2427  2533  2691  2734  2796  2824  5354  5362  5372  5539  6799  6811  6838  7857  7945  8438  8482  8504  9142  9193  9214  9379  9803  9821  9844  9878  9923  10729  10766  10789  10816  10836  10897  11084  11111  11125  11145  11207  11264  11427  11670  11698  11751  11794  12156  12173  12212  12311  12362  12380  12544  12612  12704  12749  12978  13008  13043  13062  13076  13112  13168  13259  13355  13528  15605  15637  15657  15694  16187  16197  16221  17565  17585  17611  17640  19667  19682  19699  19754  19914  20028  20067  20094  20140  20328  20353  20416  20785  20849  20891  21047  21146  21175  21198  21289  21331  21501  21557  22131  24173  24183  24200  24232  24643  24667  25072  25089  25439  25449  25458  25582  26027  26033  26081  26135  26638  26671  26690  26726  27840  27965  27994  28034  28061  28078  28147  28163  28244  28517  28546  28562  28638  28671  28711  28736  28808  28842  28896  28960  28970  28987  29141  29172  29225  29297  31713  31772  31809  31889  31904  31975  32497  32526  35271  35283  35315  35353  35525  35621  36019  36118  36212  36228  36246  36333  36525  36699  36896  36923  36966  38441  39909  39923  39933  39980  42823  42840  42937  42994  43030  43186  43221  43268  43358  43383  43414  43567  47162  47190  47228  47304  47350  47643  47869  47882  47964  48279  48344  48372  49061  49071  49104  49255  49269  49284  54811  54925  56008  56016  56037  56056  56362  56377  56395  57196  57209  57342  57378  57963  58079  61565  61650  61716  61738  61763  61866  61907  61935  62047  62584  62659 
Cell#022  060.3  080.4   024 :   1244  1272  1376  3655  3731  3775  3825  4300  4318  4344  4529  9816  18412  18448  18473  18537  32171  36069  36106  43257  49663  53414  60810  61170 
Cell#023  063.2  109.1   039 :   3686  3693  3704  3731  3765  3872  7375  7402  7428  15502  15509  20232  20244  20362  20637  21350  21369  21403  28466  28523  28528  28547  28578  28646  28686  28736  31778  36100  36134  36175  36203  36315  38460  38553  38564  38571  38577  38646  38691 
Cell#024  066.0  206.7   181 :   498  523  535  604  639  703  751  862  901  1015  1751  1824  1856  1882  2150  3232  3303  3415  3432  3597  4280  4474  4608  5946  5965  5992  10584  11064  11097  11200  12151  12226  13499  13523  14541  17435  17562  17894  18166  18318  18418  18452  18535  19621  19669  20028  20073  20109  20166  20241  20389  20587  21225  24243  24309  24429  24456  24672  24695  24720  24746  24815  24844  24969  24987  25057  25085  26031  26097  26133  26305  26427  26595  26778  27776  27834  28145  28197  28237  31122  31136  31176  31204  31238  31288  31511  31604  31774  31809  31836  32157  32198  32496  34118  35266  36051  36097  36199  36360  37713  37763  38845  38873  38959  39047  39058  39127  39199  39266  39358  39562  39611  39624  42015  42046  42078  42109  43585  43929  43971  43998  47013  47268  47295  47489  47577  47637  47784  47876  47931  48094  48195  48369  48796  48968  49560  49758  50100  50223  50303  50455  51031  51647  52616  53078  53353  53378  53432  53461  53549  54014  54550  56014  56075  56209  56825  56871  56901  57172  57298  57990  58101  58253  58267  58428  58540  58834  58971  59055  59083  59301  59893  60791  61280  61550  61744  61774  62184  62669  64665  64846 
Cell#025  066.0  063.2   011 :   17427  17460  17468  17484  17621  17721  33708  33717  33723  33743  33759 
Cell#026  071.8  134.9   004 :   6499  17543  49950  54007 
Cell#027  074.6  089.0   016 :   3983  4003  4593  4600  4637  5235  5247  20651  30480  33700  37507  37522  37549  37579  37621  37718 
Cell#028  080.4  066.0   001 :   5234 
Cell#029  083.3  178.0   003 :   55433  55911  60874 
Cell#030  091.9  089.0   001 :   62416 
Cell#031  091.9  229.7   015 :   19183  37837  37888  37907  38061  42010  42039  46239  60031  60149  60168  60194  60212  60455  61245 
Cell#032  094.7  109.1   002 :   43789  43825 
Cell#033  094.7  014.4   003 :   40207  40218  40237 
Cell#034  097.6  180.9   008 :   37735  37853  58187  58194  58207  58216  58251  58347 
Cell#035  100.5  152.2   021 :   2886  2907  2924  2940  2957  3072  3181  3266  3933  4680  4707  5054  5078  7876  8202  8221  14478  14519  34586  41748  42017 
Cell#036  100.5  120.6   012 :   5070  5230  14463  43787  43792  43801  50301  62246  62406  62419  62460  62544 
Cell#037  103.4  212.5   096 :   10185  10197  10209  10272  10324  10716  10727  10760  10777  11028  11164  11213  17176  17188  17462  17498  17519  17548  17991  18002  18014  18028  33498  33511  33550  33562  33647  33793  33994  34024  34086  35530  35905  35972  36064  36418  36587  38281  38295  38320  38378  38425  39327  39335  39341  39351  39396  39408  39670  39815  39879  41876  41908  41935  45146  45173  45218  45341  50116  50204  50529  50541  50574  50690  50716  50774  50828  50894  50970  50981  51008  51064  51207  58997  59010  59044  59061  59172  59979  59986  59994  60052  60122  61420  61437  61490  61526  61558  62352  62369  62388  62405  62437  64149  64239  64251 
Cell#038  103.4  091.9   000 :  
Cell#039  109.1  074.6   016 :   351  9685  9748  10540  18166  22676  26804  27398  29092  29934  34210  38299  61756  61938  62105  62598 
Cell#040  114.8  134.9   043 :   12228  12236  12245  12246  12251  12261  12348  12388  12413  12424  12472  12485  12499  12573  12646  12651  12667  12729  12877  15728  15733  15751  15796  15808  16049  16088  16618  16629  16704  36747  36754  36844  38733  38745  38761  38774  38801  52923  52934  52943  52949  52957  52973 
Cell#041  120.6  175.1   004 :   19090  37786  37811  37856 
Cell#042  120.6  120.6   014 :   3609  3619  3631  3659  3764  17123  17134  17150  17238  23688  23714  59428  59444  59476 
Cell#043  123.5  218.2   005 :   52565  52667  52687  52695  52861 
Cell#044  126.3  094.7   016 :   1018  1023  1035  1040  1058  1074  1103  1436  45805  45816  45830  45858  61412  61424  61434  61491 
Cell#045  129.2  011.5   001 :   40930 
Cell#046  129.2  163.7   004 :   39335  39346  60738  60753 
Cell#047  129.2  080.4   048 :   1032  21224  21281  21634  21642  21654  21710  49272  49284  49296  49314  49359  49445  49539  57169  57183  57209  57246  57307  58236  58246  58260  58287  58302  58329  59056  59064  62092  62102  62111  62180  62197  62206  62221  62234  62249  62263  62282  62292  62306  62320  62346  62394  62459  62488  62515  62585  62599 
Cell#048  132.1  198.1   015 :   3238  6434  6447  6497  6525  20192  26850  42045  42071  42111  56188  56198  59047  59055  59068 
Cell#049  132.1  034.5   005 :   40935  40944  40951  40964  41277 
Cell#050  132.1  178.0   008 :   10563  10782  39337  39349  39683  39704  60745  60765 
Cell#051  134.9  063.2   009 :   40932  40944  49263  49279  62089  62205  62488  62581  62622 
Cell#052  137.8  123.5   013 :   3894  19288  19303  21193  21215  21234  24796  24811  24852  24867  34902  37440  46955 
Cell#053  137.8  094.7   008 :   6376  6388  6414  6433  6479  6528  36132  45819 
Cell#054  143.6  160.8   025 :   2844  2864  2870  2881  2891  2907  2938  2990  3137  3176  3207  3270  3354  45816  45839  45904  58940  58960  58980  59094  59227  61457  61466  61540  61713 
Cell#055  146.4  195.2   027 :   1463  1470  1476  1485  1503  1515  1527  1541  1600  1695  6746  6759  6773  6785  7134  15083  34736  34742  34757  34768  34790  34956  35109  52310  52352  52370  52527 
Cell#056  146.4  028.7   000 :  
Cell#057  149.3  091.9   116 :   416  430  467  627  641  649  724  1705  1714  1774  4324  4353  4500  4837  4843  4974  6382  6759  6764  6884  7240  7281  7308  8476  8550  9396  9404  9411  10381  10414  11146  11176  11214  11229  11287  13120  13147  15524  15531  15539  15554  15885  16406  16415  16440  16471  16588  19527  19550  20347  20353  20519  21186  21209  21308  27938  27951  28087  28093  28104  28159  28203  28334  28498  28517  28756  28776  28821  29214  35300  35315  39761  39775  39787  39826  39867  39895  39966  40123  43168  43195  43331  43345  43370  43400  44979  44986  46677  46715  46736  47616  47626  47642  48647  48665  48938  53068  53272  54003  54032  54058  54142  54239  56345  56352  56504  56629  58586  58609  61550  61560  61570  61682  61939  61947  62008 
Cell#058  149.3  057.4   010 :   22582  22817  31108  34034  34048  41673  41682  46079  56170  58835 
Cell#059  149.3  068.9   008 :   36793  56163  56180  56208  56237  56319  56350  56452 
Cell#060  157.9  077.5   059 :   414  633  639  1704  4321  4347  4379  4837  6758  7247  7305  7322  8476  8493  9387  9441  10382  11142  11160  11217  11239  15522  16408  19533  20349  20357  21187  24406  27937  28094  28332  28504  28744  29211  29233  35295  37830  39761  39868  43167  43335  44975  44994  46533  46665  46717  46730  47621  48655  54000  54051  54098  54240  56504  58575  59509  61550  61567  61941 
Cell#061  160.8  201.0   018 :   11148  11163  11202  11265  13988  15120  15135  15156  15173  22855  24536  24552  24624  38506  38588  38631  51035  51090 
Cell#062  160.8  011.5   000 :  
Cell#063  163.7  146.4   004 :   32226  57793  61067  61088 
Cell#064  166.5  034.5   016 :   21457  48423  48784  48917  52522  53093  53121  53173  53388  53417  60102  60425  60489  62592  63098  63114 
Cell#065  169.4  083.3   014 :   17537  21362  21369  21381  21409  56781  56788  56795  56800  56815  56857  56872  56886  57064 
Cell#066  172.3  189.5   018 :   9962  10582  17561  24287  25065  25665  27943  28351  30670  38320  38410  38452  48255  49544  49838  56771  57087  60360 
Cell#067  178.0  109.1   029 :   542  912  14575  14875  14907  15259  15271  15293  15366  15702  15903  24404  31004  31051  31080  31223  31638  37374  37434  37683  43940  43958  50105  50113  50140  50231  54551  54565  63886 
Cell#068  178.0  054.6   005 :   6203  33584  41303  41466  60953 
Cell#069  183.8  129.2   013 :   23938  31059  31800  41111  64171  64227  64256  64319  64327  64339  64410  64438  64481 
Cell#070  183.8  034.5   059 :   26106  26296  26309  26340  26379  26428  26830  28288  28316  28379  28387  28529  28597  28652  28666  28752  28879  35769  35779  35794  35810  35879  37950  37959  37976  37990  38018  38156  38317  38338  38411  43069  43079  43097  43196  43251  43316  46298  48275  54544  54578  54589  54605  54652  58006  61284  61295  61418  61452  61554  61568  61578  61599  61908  61920  61935  61950  61993  62148 
Cell#071  186.6  091.9   019 :   1184  25032  31037  31048  31056  31068  31097  31140  31167  31271  37426  37433  37444  37534  37584  37796  43950  43957  43980 
Cell#072  186.6  206.7   008 :   2233  2566  19083  34136  48923  49148  49213  49250 
Cell#073  189.5  054.6   024 :   485  11946  11954  11964  11971  11991  12042  38494  38502  38509  38515  38529  38725  43784  43793  43804  43873  43918  43950  60955  60973  60984  60998  61257 
Cell#074  189.5  011.5   006 :   5232  10540  13501  58010  60974  63968 
Cell#075  195.2  129.2   080 :   435  453  493  520  772  883  1583  1614  1636  1734  2762  2769  2785  2794  2880  11186  11196  11202  11243  11389  11408  11420  11484  11502  11612  12412  12421  12427  12438  12444  12505  12526  12542  12653  23451  23459  23479  23534  28304  28324  28476  28526  30493  30506  30514  30554  30582  30611  30648  30750  36098  36107  36114  36122  36151  36164  43260  43276  43321  47002  47008  47347  47370  49252  49274  49367  49614  56302  56347  56427  56435  56461  60696  60724  60753  61953  61959  61968  61990  62050 
Cell#076  195.2  103.4   066 :   1180  1191  1197  1206  1234  2313  2329  5201  5216  11045  11163  11171  11186  11217  11284  11300  11332  11412  16410  16424  21211  21226  21335  21363  28488  28504  28517  28533  28640  30690  30696  30710  30766  35544  38364  38398  38499  38624  43282  43319  43337  43366  43422  47060  47101  47106  47124  47150  47266  54128  54153  54163  54177  54219  54246  56016  56300  56310  56330  56372  61941  61955  61969  61996  62605  62640 
Cell#077  198.1  080.4   033 :   2310  2318  2327  2340  5216  5234  5245  5261  5275  5331  5360  5374  5388  5412  16405  16413  16439  16466  16507  31041  31108  38355  38362  38369  38375  38388  38417  43951  54165  62609  62617  62630  62645 
Cell#078  201.0  017.2   009 :   11046  25069  28310  28727  28815  28886  32804  35994  46754 
Cell#079  206.7  063.2   100 :   942  949  5226  7560  7566  7577  7591  7621  7669  7686  8714  8726  8737  8780  8898  12137  12146  12176  12275  12708  12748  12757  12771  12785  13038  13047  13064  13312  16781  16792  16800  16809  16819  16848  16902  17180  20386  20397  20411  20437  20513  20537  24237  24640  24670  24680  24687  24702  24742  25831  25836  25851  25889  26014  26125  26135  26150  26211  26228  26269  26297  29800  29829  29837  29843  29940  31096  31104  31111  31121  32860  32883  32899  36925  36939  36954  36966  40156  40164  40176  40207  42300  42345  45055  45076  45089  45109  45135  48171  48178  48193  48346  51894  51902  51909  51926  51950  62862  62872  62886 
Cell#080  209.6  129.2   013 :   12102  12134  20968  21165  22373  25851  40868  41800  42031  54394  54404  54413  54462 
Cell#081  209.6  201.0   010 :   180  190  206  231  510  903  1652  14492  14501  14514 
Cell#082  212.5  143.6   006 :   7394  12098  12112  54394  54406  54537 
Cell#083  218.2  080.4   018 :   14077  14086  14094  14101  14109  14498  24596  24603  24614  24643  40916  40949  40981  42034  43953  56172  56438  63706 
Cell#084  218.2  175.1   026 :   5099  5123  5163  7584  7595  7604  7673  7804  13232  13259  13346  22486  22549  22762  41473  41480  41490  41504  41589  41625  42038  46992  47006  47017  47028  47187 
Cell#085  218.2  112.0   024 :   14068  21964  21978  21992  22022  22077  22367  22379  22387  22401  22416  22444  22823  24608  24738  24766  33754  36094  40914  41038  42038  43955  56432  56759 
Cell#086  221.1  051.7   024 :   5224  6375  6384  6546  24621  40912  53101  53118  53381  56166  56174  56190  56205  56216  56299  56445  56801  58146  58153  58164  58194  58222  58249  58391 
Cell#087  223.9  137.8   001 :   55636 
Cell#088  223.9  198.1   007 :   3515  16403  16416  16424  16483  16563  47662 
Cell#089  223.9  091.9   024 :   14076  22396  24600  24607  24618  24632  24715  25107  40915  40924  40937  40986  41205  42037  42051  42183  43953  43995  44115  56430  56437  56451  56466  56598 
Cell#090  226.8  014.4   003 :   5234  5346  5436 
Cell#091  232.6  103.4   014 :   20430  57299  62263  62270  62277  62295  62318  62347  62421  62459  62508  62579  62659  62921 
Cell#092  238.3  057.4   059 :   2301  2310  2318  2332  2403  5212  5222  5236  5262  5334  5361  5374  5450  5499  12814  12827  12838  20427  20438  20460  20478  20508  20532  20611  20640  20727  24631  24651  24673  26156  26163  26180  26194  26393  27188  27202  27216  27264  27341  42860  42882  42899  42914  42940  42956  44881  62497  62512  62521  62552  62566  62579  62594  62624  62879  62889  62901  62922  63063 
Cell#093  241.2  172.3   061 :   682  1507  1562  1634  1739  2226  2246  2283  2307  2330  2340  2358  2400  2469  2657  2701  2825  2837  2847  2871  2889  3367  11458  11477  11723  11738  11753  11875  12011  12140  12150  12177  12331  17375  17386  17415  17452  17567  17628  19642  25069  41660  42422  42438  42452  42468  42554  42695  42781  42848  51389  51483  53058  53074  53085  53382  56221  56267  56320  56425  56666 
Cell#094  241.2  132.1   024 :   2419  2435  2500  2521  2567  2734  6659  6677  6723  6878  24192  25064  40664  40672  40715  40787  40831  40866  42552  42564  42590  42601  42658  43298 
Cell#095  244.0  034.5   068 :   868  2209  2222  2239  2278  6834  6845  6857  6868  7083  11689  11699  11715  11793  20978  20985  20996  21004  21104  24463  24470  24482  24493  24608  26542  26553  26562  26688  28935  28991  33218  33237  33264  33290  35511  35798  35807  35826  35852  35873  41681  43061  43073  43083  43128  47190  47204  47215  47260  47388  47577  47592  47621  47814  48070  48086  48123  48224  54149  54160  54169  54187  54216  54614  54622  54643  64843  64859 
Cell#096  246.9  109.1   018 :   6658  7036  11451  14906  36361  40630  40668  40694  40714  40983  41005  42564  42576  42595  42677  42697  42825  52791 
Cell#097  246.9  083.3   016 :   94  108  11446  11456  11575  11596  11627  11645  11699  18423  52779  52787  52801  52813  52909  52992 
Cell#098  252.7  152.2   023 :   690  700  706  730  1596  1736  1750  1790  4878  4990  6427  6482  11445  11452  11468  11505  11638  19030  19039  19099  19676  19714  35512 
Cell#099  258.4  132.1   003 :   2241  5243  28700 
Cell#100  261.3  109.1   004 :   1980  11514  27865  43947 
Cell#101  264.1  198.1   031 :   653  666  20649  30424  30474  36099  36130  36157  36385  36401  36419  36479  37436  37834  37939  62095  62110  62183  62190  62202  62251  62294  62484  62492  62501  62509  62588  62604  62639  62736  62788 
Cell#102  264.1  223.9   019 :   30009  36710  37219  37225  37235  37241  37251  37275  37297  37407  37492  37512  37613  37868  39917  42044  42050  42066  42511 
Cell#103  269.9  005.7   042 :   4288  4867  26031  26043  26051  31018  31031  31215  43732  43738  43785  43928  46045  46059  46087  46166  46307  52734  52779  52805  56926  56934  56976  57004  57097  57286  57296  57311  57501  57509  57527  57931  57940  58091  63112  63129  63141  63155  63211  63254  63354  63389 
Cell#104  269.9  126.3   007 :   25109  30254  53056  53075  53139  53182  53294 
Cell#105  272.8  080.4   016 :   8297  8329  14026  14030  14055  14346  30253  30259  30274  30411  30615  31112  43945  64436  64444  64474 
Cell#106  272.8  149.3   016 :   1232  10259  10319  17500  25148  27024  34207  35740  36783  49950  50441  50455  50474  50524  50625  51733 
Cell#107  275.6  206.7   011 :   63121  63823  63864  63879  63906  63981  64017  64069  64109  64293  64492 
Cell#108  278.5  106.2   032 :   5235  8298  8339  8434  13062  13291  13305  14916  15165  30255  30269  30297  30416  31103  31128  42058  49288  54465  55666  55999  56026  56203  56285  56387  57319  61505  62107  62468  62587  63733  63877  64436 
Cell#109  281.4  020.1   004 :   5232  14100  19685  27864 
Cell#110  281.4  169.4   015 :   5234  5249  5275  5319  5359  11848  17594  17619  17774  18566  26232  27489  27863  57222  63775 
Cell#111  287.1  063.2   075 :   11997  12005  12012  12019  12032  12039  12086  12104  12155  12217  12232  12259  12287  12295  12316  12329  12428  12462  12475  15161  15172  15188  15202  15244  15444  19474  19481  19488  19493  19504  19516  19531  19544  19780  22497  22505  22517  22593  22632  22659  22677  22717  22768  30282  30540  30550  30564  30580  30596  30609  30623  30720  51039  51045  51051  51056  51061  51070  51084  52141  52150  52168  52191  52251  53938  53948  53964  53976  54021  61482  61493  61525  61573  61643  61838 
Cell#112  287.1  040.2   017 :   23105  26927  26933  26939  26946  26950  26958  26972  26986  27004  27027  27070  27157  27173  27431  48112  51039 
Cell#113  287.1  080.4   031 :   8299  8308  8316  8330  11995  12211  12291  12372  15159  19475  19509  31104  31112  31117  31126  31137  31150  31375  31399  51034  61479  62095  62167  62465  62605  64434  64437  64445  64459  64475  64543 
Cell#114  290.0  198.1   303 :   2204  2392  3443  6889  6906  9649  9656  9669  9702  9740  10599  10755  11999  12016  12036  12089  12470  12508  12752  14524  14541  15447  15474  15485  15499  15536  17429  17448  17526  17986  18022  18035  18048  18058  18156  18296  19570  19600  19606  19634  19671  19823  19859  20309  22560  22567  22582  22595  22611  22695  23076  23087  23243  23266  24404  24420  24454  24465  24477  24487  24560  24594  24775  24807  25165  28649  28840  31602  31614  31624  31630  31655  31730  34420  34426  34433  34501  34757  34886  35763  35777  35790  35818  35903  35975  36004  36748  36867  38327  38334  38341  38347  38384  38417  38445  38472  38515  38527  38546  38571  38586  38601  38615  38634  38685  38713  38759  39037  39066  40804  40821  40849  40879  40929  41293  41374  41475  43592  43611  43618  43624  43642  43667  43701  43707  43776  43890  44159  48024  48088  48101  48234  48264  48365  48381  48410  48431  48439  48450  48467  48479  48495  48510  48530  48551  48564  48588  48606  48683  48702  48712  48740  48810  48847  48858  48899  48943  48944  48949  48970  49004  49027  49115  49129  49153  49160  49189  49201  49209  49225  49263  49278  49302  49443  50070  50079  50190  50239  50718  50727  50743  50763  50774  50790  50908  51378  51400  51412  51420  51434  51445  51477  51500  51524  51627  51700  51860  52565  52574  52601  52615  52623  52663  52689  52707  52720  52729  52937  53070  53173  53361  53882  53963  54014  54045  54067  54083  54180  54189  54238  54271  54285  54337  54405  54517  54570  54587  54599  54613  54789  55974  55987  56001  56059  56193  56265  56318  56328  56374  56384  56411  56443  56468  56567  56688  56905  56920  56941  57080  57094  57192  57233  57325  57346  57374  57401  57430  57453  57559  57643  57750  59317  59323  59338  59348  59374  59439  59455  59466  59478  59520  59536  59549  59564  59579  59603  59707  59931  60127  60709  61309  61326  61336  61349  61361  61404  61573  61658  61763  61778  61820  61834  61849  61893  61918  61947  61997  62030  62043  62072  62170  62238  63640 
Cell#115  292.9  097.6   064 :   19239  19245  19252  19266  19281  19295  34943  34953  34961  34981  35020  40870  40882  40897  40911  40951  40964  41034  49272  49283  49284  49288  49294  49313  49327  49452  49600  57171  57185  57201  57207  57215  57229  57440  57471  62087  62099  62108  62120  62127  62138  62149  62164  62178  62190  62200  62206  62222  62232  62262  62276  62294  62418  62455  62472  62486  62498  62513  62528  62542  62555  62569  62584  62684 
Cell#116  301.5  068.9   010 :   15173  15328  15336  15343  15358  15414  56308  56315  56338  56386 
Cell#117  304.3  143.6   018 :   3666  4857  4872  4884  4890  4899  4908  4916  4929  4962  5235  19014  19021  19030  19052  19118  19239  62112 
Cell#118  304.3  129.2   012 :   4860  4871  4895  4953  18992  19012  19126  25847  34215  34436  35447  61418 
Cell#119  304.3  166.5   046 :   1131  1208  11896  11962  17550  18943  18951  18963  18970  18986  18996  19008  19022  19051  23480  23484  23499  37856  37872  37892  37913  37949  37982  37997  38028  40926  40933  40941  40948  40961  40982  41490  50464  50481  50503  50537  59079  59088  59101  59107  59129  59283  59348  62742  62769  62810 
Cell#120  310.1  057.4   077 :   223  229  252  264  325  5228  5236  5250  5279  5292  5338  5417  12355  15306  15315  15325  15337  15370  19247  19291  19331  19490  23067  23078  23088  23100  23115  23174  25908  25920  25933  25961  26018  26034  26125  27400  27408  27423  27451  29942  29954  29997  30038  36109  36322  36332  36366  36382  36511  38206  38226  38249  38267  38281  38478  38751  38761  38798  38814  38877  38986  39050  56160  56170  56179  56250  56310  56319  56360  56443  60914  61217  62513  62521  62579  62655  62727 
Cell#121  318.7  169.4   008 :   6382  6393  6398  6407  6416  51596  51631  64670 
Cell#122  321.6  074.6   024 :   5038  5048  5061  5078  5090  5119  5260  12080  12084  12094  12102  12110  12124  12152  35693  35699  35706  35711  35734  35804  35917  35944  36374  60959 
Cell#123  324.4  229.7   150 :   1055  1113  1141  1167  1590  1641  1710  1866  1925  2495  2528  2555  2570  2650  2673  4558  4568  4622  8187  8200  8221  8252  8302  8315  8351  8382  8415  8443  8511  8672  8764  8791  8826  8898  8916  8990  9031  9152  9198  10573  10631  10759  11042  11052  11093  11213  11244  11318  11407  11637  11668  11697  11786  11807  11843  11857  11985  12471  12497  12680  12697  12742  12772  12794  13018  13098  13146  13277  13344  13495  13511  13557  13638  14343  14490  17178  17189  17206  17302  19220  19237  19442  19905  19966  21529  21542  21634  22310  22324  22335  22390  22602  24086  24155  26955  26969  27061  31237  31752  31772  31802  32086  32464  32480  32514  32557  34663  34686  35942  38934  38943  39019  42151  42173  42207  44753  45900  45945  46888  46958  47000  47249  47621  47708  47725  47736  47749  47826  49155  49172  49255  49371  49545  51232  51693  51907  51979  52021  55320  55333  55350  55640  55663  55810  55864  56794  59105  59115  59160  59352 
Cell#124  327.3  198.1   012 :   34950  61485  61495  61501  61528  61561  61742  61874  62508  62519  62542  62587 
Cell#125  330.2  080.4   043 :   549  584  599  610  652  716  722  738  751  765  779  5042  5106  12082  12097  12169  12215  12598  30783  31107  34965  34970  34978  34985  35127  35446  35452  35476  35506  35695  35706  35764  35778  61820  61834  61848  64133  64140  64155  64192  64236  64250  64261 
Cell#126  338.8  212.5   000 :  
Cell#127  338.8  132.1   031 :   11405  11943  11986  12860  12888  13423  25001  28369  28379  28400  28422  28553  36104  36124  36155  36187  38396  38407  38462  49281  49289  49296  49315  49350  49450  62218  62229  62249  62503  62515  62591 
Cell#128  338.8  229.7   026 :   5220  12039  12068  12133  23473  28359  28416  28426  28432  28441  28457  28476  28486  28541  28580  28595  28651  44199  44407  44430  50450  50465  55438  61342  64140  64333 
Cell#129  341.7  077.5   019 :   3655  5232  5372  23129  23157  23240  26024  26064  34969  35006  36021  36112  36129  42039  42867  43951  62121  62624  62647 
Cell#130  344.5  155.0   206 :   996  1067  1104  1134  1162  1176  1225  1235  1309  1583  1600  1614  1636  1691  1784  1865  2495  2544  2559  2574  2587  2603  2641  2672  2727  2746  2770  2796  4529  4555  4598  4905  5232  5239  5432  8180  8193  8210  8232  8273  8291  8347  8371  8449  8625  8746  8820  8865  8994  9063  10757  10768  11017  11046  11103  11198  11215  11230  11395  11433  11527  11702  11788  11810  12428  12476  12657  12710  12738  13010  13416  13503  13522  13543  13590  13628  13678  14338  14349  14406  14448  14513  15117  17121  17179  17211  17267  17379  17406  17530  17553  17645  19232  19294  19304  19336  19465  19902  19910  19955  20046  20067  20096  20235  20287  20652  20863  20984  21027  21038  21136  21531  21546  21588  21613  21647  22293  22313  22326  24141  26958  27783  27802  27903  28152  28447  28656  28838  29606  31231  31296  31330  31511  31750  31760  31787  32451  32467  32495  32733  34705  34745  34868  34935  35498  35910  35925  36011  36066  36770  36803  36858  38915  38933  39058  41285  41327  42145  42168  42200  42225  42347  42397  44773  44918  46908  47040  47134  47265  47318  47427  47497  47518  47579  47719  47970  48497  51186  51486  51691  51702  51954  51980  52082  52396  52722  54021  55319  55390  55810  56010  56784  57996  58676  58986  59011  59023  59054  59098  59121  59136  59186  59214  62500  62512  62603 
Cell#131  347.4  051.7   071 :   3434  3664  3673  5221  5235  5263  15318  15386  19288  19300  19314  19387  23104  23114  23124  23142  23155  26018  26032  26052  26068  26080  26258  34961  34972  34977  34985  35001  35015  36122  36129  36139  36145  36157  40903  42029  42035  42046  42162  43945  43956  43972  44001  44056  47314  47323  47338  47353  47455  47479  54397  54407  56220  56233  59052  59076  60148  60166  60175  60186  62117  62145  62203  62214  62260  62285  62626  62631  62637  62659  62697 
Cell#132  350.3  198.1   003 :   11035  50451  50469 
Cell#133  356.0  155.0   283 :   1051  1095  1144  1168  1186  1272  1602  1613  1665  2008  2250  2407  2481  2498  2518  2557  2598  2617  2641  2661  2733  2801  2854  2870  2911  3225  3272  3669  4137  4272  4397  4531  4591  4626  4663  4688  4700  4730  4829  4967  4989  5024  5048  5203  5230  5271  5312  5340  5358  5367  5384  6595  6673  6842  7032  7314  7906  7937  8099  8141  8165  8181  8198  8249  8429  8446  8624  8800  8841  9678  9710  9832  9978  10236  10767  10855  10928  11039  11073  11109  11142  11154  11230  11247  11298  11469  11527  11667  11678  11797  11946  12476  12683  12713  12998  13300  13390  13413  13424  13434  13472  13488  13530  14266  14284  14328  14351  14392  14429  14502  14534  14888  15088  16404  16801  17044  17129  17178  17198  17240  17269  17339  17390  17418  17478  17492  17560  17757  17820  17939  18063  18379  18706  19012  19057  19088  19100  19155  19220  19232  19296  19316  19350  19463  19583  19599  19651  19666  19914  20877  20897  20971  21040  21255  21323  21545  22312  22322  23452  23988  24230  24246  24457  24674  25989  25997  26008  26020  26030  26046  26075  26101  26285  26306  26326  26429  26489  27402  27507  27647  27772  28123  28664  28709  29812  29932  30175  31038  31233  31557  31803  32054  32463  33598  34168  34197  34681  34874  34951  34966  34999  35032  35473  35510  35523  35983  36032  36108  36140  36152  36179  36653  36767  36979  37832  38161  38258  38360  39344  39432  39601  39931  40897  41701  42023  42046  42053  42152  42199  43126  43407  43846  43931  43999  44057  44182  44258  44311  44628  44780  44846  45058  47549  47726  48301  48454  48508  48814  49208  49634  50142  50450  50527  50723  51043  51322  51416  51815  52221  52381  52391  52402  52420  52714  52738  52796  55815  56007  56227  56812  57300  57997  58981  59050  59084  59098  60886  61445  61560  62483  62598  62884  64434 
Cell#134  358.9  212.5   010 :   13073  13134  13208  13291  13310  26970  57291  57413  57422  57578 
Cell#135  361.8  180.9   062 :   420  474  546  3668  7720  7738  7900  8231  8253  8376  8415  8498  10387  16518  16548  16640  19160  19326  19483  24203  24674  24702  25059  26006  26417  26456  33157  33222  33499  35315  35340  35412  35453  35783  37893  37926  37962  39363  43057  43117  50453  50464  51417  51634  51646  51659  51783  54079  54131  54173  54355  54368  54430  56350  56709  56759  57510  61567  61824  64199  64213  64239 
Cell#136  364.6  112.0   038 :   3434  3714  8199  10757  11038  16094  16126  16415  23186  23266  23342  24836  25993  26016  34212  36325  36347  38276  38299  42045  42056  42455  56168  56176  56194  56225  57347  57355  57370  57975  57990  58046  60914  60929  60977  61481  61490  61625 
Cell#137  364.6  229.7   027 :   2184  2306  13136  13256  15487  15497  15510  15530  24672  24695  24740  24823  26978  30671  36131  36156  43113  48215  48246  48355  62208  62216  62240  62257  62281  62305  62380 
