7826 9496 22982 29616 30366 31218 42664 43684 44062 44106 47132 51332 52084 54460 56162 56838 76548 83918 83960 84034 84108 126480 126792 
67688 70324 72140 96182 96220 96248 98482 
16186 16226 16712 35084 51452 52544 53048 61314 61596 61718 62408 62542 62778 91992 127012 
12704 12728 12806 14788 18212 28990 29084 31502 31570 31642 31698 31752 32170 48676 49124 49164 49190 49304 49570 49646 49732 49844 52028 52260 90764 103198 
12882 12900 12942 12966 13028 13188 13218 13302 13410 99236 118228 118258 118284 118314 118368 118452 118590 118656 120346 120370 120400 120426 120456 
91708 91790 91842 93326 93958 93970 93988 94006 94034 94240 96118 96170 96192 96224 96248 96386 98250 98270 98350 98390 100452 
5180 5390 17522 17540 17600 17638 54828 54904 54958 54988 105224 124220 
80114 92290 
1656 1666 1764 1794 3914 3986 4010 22270 22456 22724 22900 22996 26376 26418 34954 35122 39338 39404 39548 40274 40314 40350 40406 40788 41632 42304 42504 42618 42728 43094 55104 56112 56260 56404 56448 56504 56850 56928 72188 72358 72398 72662 72872 85668 86328 86372 86696 86756 86782 86810 86870 93386 94590 94644 94688 94764 95190 95298 95576 95640 95708 95762 95944 96560 112522 112740 112902 114852 123552 123824 123934 124080 
48488 
7338 7398 7438 9752 15748 16184 16196 16224 35080 35170 49262 49426 52532 52554 52578 52612 62410 62426 62446 62502 90816 110620 110634 110896 117026 
3906 4144 5392 5782 22694 22834 22968 23180 23354 25658 26088 26208 26252 27302 33188 33282 35108 38448 39516 39526 39828 40338 40454 40564 41116 41302 41498 42810 42852 49382 49414 49700 50290 50342 50400 55760 55786 55844 56294 56318 56360 56470 56810 57300 63544 72502 72896 72922 73044 73340 73610 86726 86808 86880 86934 111752 112084 114686 114788 
57466 57560 63564 63798 63828 64098 64298 77348 77376 77470 77546 
1174 1204 1262 1410 1654 1886 1902 2056 2092 3526 3588 4006 4046 4158 4202 4488 4498 4614 4716 4746 4782 5012 5140 5404 5454 10680 10700 10732 10754 11004 13598 13618 13736 13798 13882 13934 14276 19588 19600 19646 19668 19718 21214 21446 21470 21518 21536 22164 22210 22252 22478 22964 23322 23538 24298 24616 24748 25400 25506 25952 25990 26120 26284 26372 26526 26588 26692 26722 31286 31300 31326 31458 31496 31522 32056 35118 35162 35182 35226 35286 39424 39452 39476 39592 40094 40124 40180 40248 40304 40468 40660 41300 42296 42360 42438 42510 42666 42988 48352 48376 48448 48468 50892 50916 50974 51480 53276 53290 53320 53402 53612 55928 55966 56048 56110 56134 56342 56770 57042 57164 57338 57374 57394 57426 57514 57684 57746 57930 57984 58328 58342 58416 58610 63386 63406 63432 63460 63486 63544 63576 63852 64002 64046 64088 64124 64274 64434 64968 64986 65012 65068 65484 71048 71068 71126 71154 71186 71254 71344 71594 71820 72368 72408 72436 72472 72488 72516 72578 73934 73964 74152 74292 76876 76904 79814 79838 79856 79964 80162 80278 85692 85724 85804 85876 85978 86056 86072 86178 86236 86498 86522 86570 86676 86788 86890 87000 94334 94346 94598 94656 94728 94794 95182 95288 95446 95718 95774 95914 96034 96560 96594 96666 96808 98128 98246 98488 98540 98572 98606 112034 112048 112072 112322 112472 112508 112740 112756 112786 113070 113592 114226 114366 114396 114426 114692 114762 114818 116048 123318 123342 123358 123500 123870 123956 124080 124124 124238 125170 125196 
58566 59012 59128 82716 82736 82820 82888 83308 97512 125508 
 
40296 71018 112446 113232 
78102 78116 78130 78180 78216 78382 78448 78536 
15702 15728 15752 15778 15810 15856 15908 16046 16870 21446 32368 32382 32402 32480 32568 58328 76854 79820 
2592 12992 13026 13070 13172 13828 20158 20376 30538 30690 55746 56540 70158 70198 70238 77762 82610 82742 82800 91470 96418 106686 107794 107820 107882 
1116 1168 1266 1402 1502 1646 1894 2092 3546 3854 4018 4062 4092 4118 4184 4282 4362 4466 4508 4744 4800 4854 5066 5382 5468 5592 5648 10708 10724 10744 11078 13598 13622 13676 15714 15890 16876 16964 17008 18284 18386 18428 18758 19606 19642 19688 19756 19846 21458 21532 21578 21632 21672 21794 22168 22222 22250 22290 22414 22528 22854 23340 23396 23502 23588 24312 24346 24424 24622 24724 24760 25088 25224 25408 25498 25956 26016 26086 26124 26152 26224 26336 26518 26710 27056 31210 31274 31314 31388 32374 32394 32442 35130 35170 35222 35280 39334 39364 39398 39508 39828 40056 40134 40188 40280 40656 40706 40832 41570 41698 41782 42094 42292 42350 42396 42578 42662 43002 43114 44262 48346 48366 48400 48464 49286 49334 50144 50178 50878 50898 50916 51164 52054 52066 52162 52270 53276 53342 53380 53452 55680 55930 55988 56068 56122 56156 56294 56326 56488 57034 57092 57124 57276 57342 57422 57472 57616 57684 57792 57920 57940 57974 58282 58344 58450 58594 63426 63544 63618 63778 63808 63950 64994 65052 70542 70566 70630 70706 71050 71242 72038 72236 72424 72456 72492 72666 73050 73398 73792 73846 73932 76882 79818 79846 79866 79960 85646 85680 85874 85988 86060 86372 86442 86536 86716 86766 86828 87134 94324 94380 94456 94608 94700 95286 95738 95764 95928 96558 96688 96744 98122 98142 98208 98510 98538 98568 109622 109850 112016 112032 112074 112112 112724 112754 112790 114392 114418 114684 114756 115926 116158 123130 123300 123432 123476 123526 123732 123814 123870 124094 125168 125318 
2544 2752 7310 7462 7550 7650 8600 8636 8688 9058 19632 36824 36896 36946 37074 64342 72138 72212 86514 99326 106828 121620 122340 
7386 7408 7462 7530 7744 14750 14804 14856 31004 31018 40464 40488 40724 41274 42700 42738 42806 56932 57046 57056 57094 57156 57292 57372 57472 63556 72200 72268 72350 72406 72630 76920 77106 77128 77142 77154 77292 77382 
1046 1070 1208 1278 1406 1502 1724 1802 2030 3502 3648 3712 3764 4300 6464 6606 6830 6864 7194 8560 8948 9216 11892 11930 11984 21168 22128 22194 22400 24302 24452 26998 27046 29082 34870 35124 35788 36332 36636 36836 36904 37070 39242 39338 40056 40146 40218 40332 40482 40778 41174 42450 48486 48618 48858 48912 49344 49390 49440 49492 49630 49688 49938 49974 50114 50170 52062 52194 52266 52610 52854 53190 53556 55552 55668 56290 56394 56474 62244 62272 62352 62408 62476 62576 63022 63208 63548 63618 63672 64314 64396 64992 68236 70532 72102 72194 72398 72720 75426 75526 77690 77746 77918 78094 78116 78254 78398 78532 78716 79124 79222 79248 84030 84092 84156 84218 87170 87858 87942 87996 94026 94536 94590 94978 95154 95274 95568 95752 95862 96188 96390 96738 97592 97936 99120 99516 100200 100446 100606 100910 102062 103294 105232 106156 106706 106756 106864 106922 107098 108028 109100 112028 112150 112418 113650 113742 113802 114344 114596 115980 116202 116506 116534 116856 117080 117668 117942 118110 118166 118602 119786 121582 122560 123100 123488 123548 124368 125338 129330 129692 
34920 34936 34968 35242 35442 67416 67434 67446 67486 67518 
35086 99900 108014 
8006 9186 9200 9274 10470 10494 41302 60960 67400 75014 75044 75098 75158 75242 75436 
 
111822 121748 
 
75674 75776 75814 76122 84020 84078 92478 120062 120298 120336 120388 120424 120910 122490 
87650 
80436 80474 
75706 116374 116388 116414 116432 116502 116694 
5814 5848 5880 5914 6144 6362 6532 7866 9360 9414 10108 10156 15752 16404 16442 28956 29038 69172 83496 84034 
10460 28926 87574 87584 87602 100602 124492 124812 124838 124920 125088 
20394 20418 20544 20648 21432 21454 21520 21554 22056 22328 22426 34352 34376 34924 34996 35038 35096 35982 36004 36028 36056 66996 67022 67100 67124 67294 67586 67988 68048 68172 71060 71810 71944 72128 72836 73174 76562 76590 76640 76756 76850 78654 78670 78682 78702 78792 78816 79340 79630 79758 83752 83816 83870 90292 90346 90436 90682 100232 100408 101058 101082 101148 101380 101432 101548 101656 101788 101940 101962 102016 102128 102414 117994 118020 118088 118122 118344 119958 119972 119988 120104 120244 122840 122874 122980 123052 123116 124704 124738 124776 124810 124874 128298 128478 128502 
 
19370 19496 21080 36332 45352 53608 54796 58184 59868 68420 76598 123512 123876 124210 125196 
24472 24490 24492 24502 24522 24696 24776 24826 24848 24944 24970 24998 25146 25292 25302 25334 25458 25754 31456 31466 31502 31592 31616 32098 32176 33236 33258 33408 73494 73508 73688 77466 77490 77522 77548 77602 105846 105868 105886 105898 105914 105946 
75572 75622 75712 
7238 7262 7318 7528 34246 34268 34300 34476 47376 47428 118856 118888 118952 
105334 105374 105390 105722 
2046 2070 2080 2116 2148 2206 2872 91610 91632 91660 91716 122824 122848 122868 122982 
 
78692 121476 121506 
42448 42562 43268 43284 43308 43420 98544 98568 98592 98628 98718 98890 99078 114338 114366 114418 114492 114614 116472 116492 116520 116574 116604 116658 118112 118128 124184 124204 124222 124360 124394 124412 124442 124468 124498 124526 124564 124584 124612 124640 124692 124788 124918 124976 125030 125170 125198 
12868 12894 12994 13050 40384 53700 84090 84142 84222 112376 112396 118094 118110 118136 
81888 81902 81928 82554 
21564 78674 78698 79366 79408 121490 121530 
81888 98526 98558 124178 124410 124976 125162 125244 
38576 38606 42386 42430 42468 49592 49622 49704 49734 69804 74880 93910 
12776 12828 12866 12958 13056 72264 91638 
5728 5740 5762 5782 5814 5876 5980 6274 6352 6414 6540 6708 91632 91678 91808 117880 117920 117960 118188 118454 122914 122932 123080 123426 
2940 2952 2970 3006 3030 3054 3082 3200 3390 13492 13518 13546 13570 14268 30166 69472 69484 69514 69536 69580 69912 70218 104620 104704 104740 105054 
 
860 934 1254 1282 1298 1448 3410 3428 3548 8648 8706 9000 9674 9686 9948 12764 13518 13528 13768 14480 14562 14616 16952 17100 18792 18808 18822 20762 20828 22292 22352 22428 22458 22574 26240 26294 31048 31062 31078 31108 31770 32812 32830 32880 32942 33176 39054 39100 40694 40706 41038 42372 42418 42616 55876 55902 56174 56186 56208 56318 56406 56668 56996 57034 57512 57552 57642 58428 70600 70630 79522 79550 79574 79652 79734 79790 79932 80246 86336 86390 86662 86690 86740 86800 89958 89972 93354 93430 93472 95232 95252 95284 97294 97330 97876 106136 106544 108006 108064 108116 108284 108478 112690 112704 113008 113258 117172 117218 123100 123120 123140 123364 123878 123894 124016 
45634 62216 68068 68096 83346 83364 92158 112340 117670 
112326 112360 112416 112474 112638 112700 112904 
1266 1278 3408 8642 8694 8758 9674 13516 14494 14610 14644 16952 16986 18774 18882 20764 22284 22320 22434 22478 31044 32816 39066 40698 40714 42374 48812 55874 56188 56664 57008 57488 58422 58466 70590 75660 79522 79736 86334 86670 89950 89988 93066 93330 93434 93460 95242 97310 108000 108102 108196 108480 113008 117150 119018 123100 123134 123882 
22326 22404 22530 27976 30240 30270 30312 30346 45710 49072 49104 49248 77012 77176 77262 102070 102180 
 
115586 122134 122176 
96846 97568 97834 105044 106186 106242 106346 106776 106834 120204 120850 120978 125184 126196 126228 
42724 42738 42762 42818 113562 113576 113590 113600 113630 113714 113744 113772 114128 
21164 35122 48574 50130 51330 55886 56702 61340 76640 76820 76904 96510 99088 99676 113542 114174 120720 
1824 29150 29750 29814 30518 30542 30586 30732 31404 31806 48808 62008 62102 62160 62446 63276 74748 74868 75366 87880 87916 100210 100226 100280 100462 109102 109130 127772 
67168 82606 82932 121906 
62118 63600 82222 128342 128454 128512 128638 128654 128678 128820 128876 128962 
52592 52618 52680 52758 52856 53660 56576 56632 56758 56774 57058 57194 57304 57332 57504 57758 71538 71558 71588 71620 71758 75900 75918 75952 75980 76036 76312 76634 76676 76822 86138 86158 86194 86392 86502 86632 92596 96550 109088 109156 109178 109210 109304 116012 122568 122590 122836 122904 123108 123136 123156 123198 123816 123840 123870 123900 123986 124296 
50064 62074 62096 62112 62136 62194 62280 62334 62542 74852 74866 74888 75068 75168 75592 87900 87914 87960 
5132 38166 68272 97846 98296 98426 98500 
23892 23908 23928 23942 23982 24084 76988 77004 77018 77030 77058 77450 87568 87586 87608 87746 87836 87900 121910 121946 121968 121996 122514 
21080 27002 116020 121948 127936 
906 986 1040 1544 1766 3166 3228 3272 3468 5524 5538 5570 5588 5760 22372 22392 22404 22486 22778 22816 22840 22968 23004 23224 24824 24842 24854 24876 24888 25010 25052 25084 25306 46902 46918 46958 47068 56608 56648 56952 57052 60986 61012 61028 61108 61164 61222 61296 61500 72196 72214 72228 72244 72302 72328 86520 86552 86642 94004 94016 94694 94740 98504 98548 98734 99228 112604 112694 112854 112870 112922 121392 121448 121506 123906 123918 123936 123980 124100 
2382 2394 2412 2468 4626 4658 10402 10432 22090 22326 22342 22372 22434 22568 22600 22664 22824 32820 32848 42422 42452 42670 42726 56976 57008 57034 57066 57280 61380 61392 61420 61532 71088 76728 76796 76998 77248 86564 86638 86674 86732 86844 94120 94202 94212 94248 94300 94532 108256 108306 108326 108354 108438 108492 112032 112600 112620 112660 112744 123882 123910 123938 123992 125210 125280 
4636 4654 4680 10432 10468 10490 10522 10550 10662 10720 10748 10776 10824 32810 32826 32878 32932 33014 62082 62216 76710 76724 76738 76750 76776 76834 87902 108330 125218 125234 125260 125290 
50138 56620 57454 57630 57772 65608 71988 93508 
1898 10452 15120 15132 15154 15182 15242 15338 15372 17428 17452 17474 17560 17796 24274 24292 24352 24550 25416 25496 25514 25542 25570 26076 26094 26128 26624 33562 33584 33600 33618 33638 33696 33804 34360 40772 40794 40822 40874 41026 41074 48474 49280 49340 49360 49374 49404 49484 51662 51672 51702 51778 52028 52250 52270 52300 52422 52456 52538 52594 59600 59658 59674 59686 59880 62192 62208 62222 62242 65720 65766 65798 73850 73878 73908 73932 80312 80328 80352 80414 84600 84690 90110 90152 90178 90218 90270 96342 96356 96386 96692 103788 103804 103818 103852 103900 125724 125744 125772 
24268 41936 42330 44746 51702 81736 83600 84062 108788 108808 108826 108924 
380 412 462 1020 1806 3304 28984 29002 29028 
24196 24224 108788 108812 109074 
28172 28188 28202 28218 28996 49192 49206 49228 49286 81832 81898 81962 84068 87906 112344 112876 127412 
10246 10326 15168 15190 15208 15346 15608 26464 26518 26692 44972 45098 45524 82946 82960 82980 83008 83178 83250 84076 93984 94012 94034 94056 94374 
43928 43956 43984 44044 44154 44734 44758 44774 44802 44832 44888 45646 49216 49476 49532 67508 72188 81828 82076 84076 87910 112864 113518 
12750 12768 13092 49242 81824 106202 106236 106762 112332 112348 112380 112410 112432 112598 112890 113602 116292 116306 116328 116388 116444 116498 116782 
 
32806 32832 32848 32966 33126 95324 
44792 49200 49214 49236 49264 49430 50214 81830 81848 81874 81972 82410 84074 84102 84366 87906 87990 88230 112860 112874 112902 112932 113196 
10692 10872 
114598 124526 124540 124554 124590 124636 124694 124842 124918 125016 125158 125318 125842 
4620 4636 4664 4806 10424 10444 10472 10524 10668 10722 10748 10900 10998 25628 25654 25676 40854 40876 40920 40956 41016 41064 41222 41280 41454 49262 49302 49346 52312 52326 52360 52388 52786 54376 54404 54432 54528 54682 85720 85764 85798 85828 85880 85912 89762 124994 125024 125042 125104 125132 125158 125188 125248 125758 125778 125802 125844 126126 
3014 3124 3268 3478 4452 4492 4566 4614 4660 4680 4716 4800 4938 5314 5402 5650 5674 5694 5742 5778 6734 22916 22954 23446 23476 23506 23750 24022 24280 24300 24354 24662 34750 34772 34830 34904 35134 35256 39284 50138 83320 84844 84876 84904 84936 85108 85390 85562 85696 102778 102966 106116 106148 106170 106764 112442 112534 112640 112850 113332 
4870 5000 5042 5134 5468 13318 13354 13446 13756 48384 50128 81328 81344 81430 81574 81662 81732 85104 85128 85180 85202 85316 86596 
4418 4444 4478 4556 13668 13690 13714 13736 14166 23378 23398 23430 23586 41956 41970 41992 42008 42208 48926 48940 48964 48986 49216 53084 53106 53124 53376 57870 57982 66436 66474 66528 66580 71022 71596 71614 71652 71704 71746 83362 86122 86146 86166 86256 94380 94408 94430 94520 94776 95154 95184 95242 95628 96140 96172 96246 96448 108298 108320 108338 108374 108432 109228 109244 109286 129686 129718 
14072 22902 29812 72722 81260 81336 81388 81428 81966 82010 85128 85152 85190 85354 85394 85650 105582 
216 22892 22912 23150 23192 23254 23290 23398 36846 105558 105574 105602 105626 105818 105984 
1400 1412 1460 3192 3472 3500 3580 9756 9980 12854 12964 22890 22904 22936 23010 23276 38060 38078 38198 39352 39428 71024 
10486 57400 
23028 55730 87894 
1332 41298 60848 60948 72198 72260 72314 72770 72802 72838 72958 74872 75668 75878 124190 124220 124366 124380 124404 124502 124588 124968 124984 125002 125018 125176 125208 125278 125472 125576 
73420 74438 74450 74470 74482 74502 74550 74594 74814 74984 75024 75226 75736 79834 84088 84100 84132 85022 
9734 52062 52086 52102 62036 62062 62430 87464 87476 87570 87856 92090 92118 92174 92332 92614 105468 105558 105610 113852 113868 113952 114008 114194 114572 114592 114622 115002 115018 115054 115862 115880 116182 126224 126258 126282 126310 126422 126508 126708 126778 
60508 106112 106150 106278 106364 106588 
16658 28052 28060 28110 28692 60506 60518 60548 60822 61230 62224 87890 128872 128888 128948 
20518 20638 35000 50296 54048 68414 71480 73566 99900 100882 100910 100948 101048 101250 103466 
127646 127728 127758 127812 127962 128034 128138 128218 128586 128984 
16596 16678 16868 26124 26582 26610 29832 30330 60510 60538 60594 60832 62206 62256 84116 98576 108930 111332 111998 112052 112406 112570 112774 114638 123010 124214 124936 125174 127466 127754 128872 
28200 39370 55728 
10498 10550 10638 10718 23696 35188 35238 35548 37132 52464 54978 55726 114444 127550 
24010 24024 24038 24064 24078 24172 24208 24310 24434 24464 24518 24574 24590 24632 24658 24856 24924 24950 30322 30344 30376 30404 30488 30888 38948 38962 38976 38986 39008 39032 39062 39088 39560 44994 45010 45034 45186 45264 45318 45354 45434 45536 60564 61080 61100 61128 61160 61192 61218 61246 61440 102078 102090 102102 102112 102122 102140 102168 104282 104300 104336 104382 104502 107876 107896 107928 107952 108042 122964 122986 123050 123146 123286 123676 
53854 53866 53878 53892 53900 53916 53944 53972 54008 54054 54140 54314 54346 54862 96224 102078 
16616 16632 16660 23990 24422 24582 24744 30318 38950 39018 62208 62224 62234 62252 62274 62300 62750 62798 102068 122958 124190 124334 124930 125210 128868 128874 128890 128918 128950 129086 
4784 6886 13778 13812 19298 19312 19338 19404 19480 21198 21510 23998 24032 24072 24178 24940 25016 25504 29048 29082 30894 30948 30970 30998 31072 34858 34896 35052 35972 36044 36070 36096 36116 36312 36592 39140 39200 39212 39268 39342 39646 39718 40618 45120 45134 45164 45190 45222 45390 46152 46174 46486 46532 48808 48840 48908 48930 48954 48974 49120 49188 49550 49614 50330 57298 57680 63204 63228 63248 63260 63310 63460 68840 68852 68866 69002 69514 69772 71526 71554 71580 71636 71806 71950 72008 73496 73734 76654 76668 76682 76694 76768 76834 76890 76944 77030 77054 77092 77142 77172 77202 77230 77268 77370 77426 77518 78074 78132 81608 81642 81698 81758 81858 82586 82748 82950 87184 87222 87236 87248 87284 87334 87402 87414 87552 87780 88318 96048 96176 96202 96468 96528 96730 96762 96820 96862 96878 96900 96934 96958 96990 97020 97060 97102 97128 97176 97212 97366 97404 97424 97480 97620 97694 97716 97798 97886 97888 97898 97940 98008 98054 98230 98258 98306 98320 98378 98402 98418 98450 98526 98556 98604 98886 100140 100158 100380 100478 101436 101454 101486 101526 101548 101580 101816 102756 102800 102824 102840 102868 102890 102954 103000 103048 103254 103400 103720 105130 105148 105202 105230 105246 105326 105378 105414 105440 105458 105874 106140 106346 106722 107764 107926 108028 108090 108134 108166 108360 108378 108476 108542 108570 108674 108810 109034 109140 109174 109198 109226 109578 111948 111974 112002 112118 112386 112530 112636 112656 112748 112768 112822 112886 112936 113134 113376 113810 113840 113882 114160 114188 114384 114466 114650 114692 114748 114802 114860 114906 115118 115286 115500 118634 118646 118676 118696 118748 118878 118910 118932 118956 119040 119072 119098 119128 119158 119206 119414 119862 120254 121418 122618 122652 122672 122698 122722 122808 123146 123316 123526 123556 123640 123668 123698 123786 123836 123894 123994 124060 124086 124144 124340 124476 127280 
38490 38504 38532 38562 38590 69886 69906 69922 69962 70040 81740 81764 81794 81822 81902 81928 82068 98544 98566 98568 98576 98588 98626 98654 98904 99200 114342 114370 114402 114414 114430 114458 114880 114942 124174 124198 124216 124240 124254 124276 124298 124328 124356 124380 124400 124412 124444 124464 124524 124552 124588 124836 124910 124944 124972 124996 125026 125056 125084 125110 125138 125168 125368 
30656 30672 30686 30716 30828 112616 112630 112676 112772 
9714 9744 9768 9780 9798 9816 9832 9858 9924 10470 38028 38042 38060 38104 38236 38478 124224 
9742 9790 9906 37984 38024 38252 51694 68430 68872 70894 122836 
2416 23792 23924 35100 37886 37902 37926 37940 37972 37992 38016 38044 38102 46960 46968 46998 75712 75744 75784 75826 75898 75964 75994 76056 81852 81866 81882 81896 81922 81964 82980 100928 100962 101006 101074 118158 118176 118202 118214 118258 118566 118696 125484 125538 125620 
458 504 528 650 10456 10472 10500 10558 10584 10676 10834 24710 30612 30630 30650 30674 30740 38494 38582 38662 38980 46134 46156 46176 46200 46230 46348 51816 51840 51866 51922 52036 52068 52250 54800 54816 54846 54902 59884 59908 59994 60076 72218 72644 72664 72732 72764 73022 76412 76452 76498 76534 76562 76956 77502 77522 77596 77628 77754 77972 78100 112320 112340 112358 112500 112620 112638 112720 112886 121828 122434 125026 125042 125158 125310 125454 
12786 12796 12814 12832 103192 103262 129340 
10096 10122 10156 10180 10238 10520 24160 24168 24188 24204 24220 24248 24304 71386 71398 71412 71422 71468 71608 71834 71888 72748 121918 
2226 2282 2334 3180 3282 3420 3732 3850 4990 5056 5110 5140 5300 5346 9116 9136 9244 16374 16400 16442 16504 16604 16630 16702 16764 16830 16886 17022 17344 17528 17582 17652 17796 17832 17980 18062 18304 18396 21146 21262 21518 22084 22104 22186 22426 22488 22636 22814 23274 23336 23394 23572 23614 23686 23714 23970 24942 24994 25360 25394 25484 25544 25588 26036 26196 26292 26554 26688 26990 27022 27114 27276 28686 28980 34356 34378 34412 34604 38440 38474 38884 39810 39932 43058 43084 43268 44620 44648 44670 44780 45204 48172 48310 53910 53938 54122 62474 63504 63544 63604 64172 64928 64960 65028 65114 69326 69372 71884 77868 77886 78038 84302 84346 84414 89506 91800 91890 93776 93916 94000 94498 95242 95416 95450 95472 95498 95652 98310 98344 98510 98742 99090 102464 103386 103814 103958 104042 110640 110666 110700 111280 111326 111620 111728 113588 118210 118230 118320 118704 
122970 122990 123002 123056 123122 123484 123748 125016 125038 125084 125174 
1168 1198 1220 1304 1432 1444 1476 1502 1530 1558 10084 10212 24164 24194 24338 24430 25196 61566 62214 69930 69940 69956 69970 70254 70892 70904 70952 71012 71390 71412 71528 71556 123640 123668 123696 128266 128280 128310 128384 128472 128500 128522 
 
23886 23972 25720 25776 26846 50002 56738 56758 56800 56844 57106 72208 72248 72310 72374 76792 76814 76924 98562 98578 98592 98630 98700 98900 124436 124458 124498 125006 125030 125182 
24078 24136 24266 46946 56718 56832 56852 56864 56882 56914 56952 56972 57082 57160 57190 57302 88398 88814 88860 100900 100930 110876 122684 128280 128666 
10464 10744 46258 46314 46480 52048 52128 69938 70012 72042 72224 72258 84078 85734 87902 124242 125248 125294 
2134 2208 2268 2324 2352 2450 2470 2618 3166 3200 3228 3272 3382 3568 3730 4990 5088 5118 5148 5174 5206 5282 5344 5454 5492 5540 5592 9058 9110 9196 9810 10464 10478 10864 16360 16386 16420 16464 16546 16582 16694 16742 16898 17250 17492 17640 17730 17988 18126 21514 21536 22034 22092 22206 22396 22430 22460 22790 22866 23054 23404 23576 23620 24856 24952 25314 25420 25476 26020 26832 27006 27044 27086 27180 27256 27356 28676 28698 28812 28896 29026 30234 34242 34358 34422 34534 34758 34812 35060 35106 35290 38464 38588 38608 38672 38930 39804 39820 39910 40092 40134 40192 40470 40574 41304 41726 41968 42054 42076 42272 43062 43092 43176 43226 43294 44586 44626 44652 48282 53916 55566 55604 55806 56304 56894 57312 57676 59212 62462 62592 62660 63022 63500 63520 63574 64902 64934 64990 65466 69410 69490 69736 69870 70996 71820 71850 72022 72132 73540 73606 73716 77830 77866 78116 82570 82654 84290 84336 84400 84450 84694 84794 89546 89836 93816 94080 94268 94530 94636 94854 94994 95036 95158 95438 95940 96994 102372 102972 103382 103404 103908 103960 104164 104792 105444 108042 110638 110780 111620 112020 113568 115992 117352 117972 118022 118046 118108 118196 118242 118272 118372 118428 125000 125024 125206 
7328 7346 10442 10470 10526 30636 30772 38576 38600 38628 38774 46208 46228 46248 46284 46310 52036 52064 52104 52136 52160 52516 69922 69944 69954 69970 70002 70030 72244 72258 72278 72290 72314 81806 84058 84070 84092 84324 87890 87912 87944 88002 88112 94628 94646 94676 94706 94910 94958 108794 108814 112440 112466 118104 118152 120296 120332 120350 120372 124234 124290 124406 124428 124520 124570 125252 125262 125274 125318 125394 
100902 100938 
2190 2288 2336 2372 2544 3204 3226 3330 4016 4500 4814 4962 4996 5036 5114 5196 5234 5282 5322 5466 5602 5708 5740 5822 6450 6544 7338 8274 8544 8794 9062 9182 9252 9326 9376 9400 9460 9658 9934 9978 10048 10096 10406 10460 10542 10624 10680 10716 10734 10768 13190 13346 13684 14064 14628 15812 15874 16198 16282 16330 16362 16396 16498 16858 16892 17248 17600 17682 19356 19420 19664 19956 20472 21534 21710 21856 22078 22146 22218 22284 22308 22460 22494 22596 22938 23054 23334 23356 23594 23892 24952 25366 25426 25996 26600 26780 26826 26848 26868 26944 26976 27060 28532 28568 28656 28702 28784 28858 29004 29068 29776 30176 32808 33602 34088 34258 34356 34396 34480 34538 34678 34780 34836 34956 34984 35120 35514 35640 35878 36126 36758 37412 38024 38114 38176 38200 38310 38440 38464 38592 38632 38700 38926 39166 39198 39302 39332 39828 41754 41794 41942 42080 42510 42646 43090 44624 44644 46904 47976 48460 48492 48914 49348 51978 51994 52016 52040 52060 52092 52150 52202 52570 52612 52652 52858 52978 54804 55014 55294 55544 56246 57328 57418 59624 59864 60350 62076 62466 63114 63606 64108 64926 67196 68336 68394 69362 69748 69902 69932 69998 70064 70946 71020 71046 71966 72064 72216 72280 72304 72358 73306 73534 73958 75664 76322 76516 76720 78688 78864 79202 79862 81794 83402 84046 84092 84106 84304 84398 86252 86814 87692 87862 87998 88114 88364 88516 88622 89256 89560 89692 90116 95098 95452 96602 96908 97016 97628 98416 99268 100284 100900 101054 101446 102086 102644 102832 103630 104442 104762 104782 104804 104840 105428 105476 105592 111630 112014 112454 113624 114600 115994 117962 118100 118168 118196 121772 122890 123120 124966 125196 125768 128868 
26268 26416 26582 26620 53940 114582 114826 114844 115156 
948 1092 7336 15440 15476 15800 16462 16506 16752 16830 16996 20774 33036 33096 33280 38320 38652 38966 48406 49348 49404 50118 52012 52834 52912 66314 66444 66998 70630 70680 70824 70906 71566 75786 75852 75924 78726 86114 86234 100906 100928 102834 103268 103292 103318 103566 108158 108262 108346 108710 108736 108860 112700 113418 113518 115020 123134 123648 128398 128426 128478 
7428 16398 21514 22076 32188 32252 32830 46372 46532 46684 49672 51986 52032 68424 72650 72694 76552 76598 84090 84112 84910 112336 112352 112388 112450 114694 114710 114740 115950 115980 116092 121828 121858 121954 122962 122980 123250 
4612 26272 26512 30974 30994 31020 31060 49344 49390 49480 49646 53956 61342 72262 72312 86226 96430 96492 96710 124416 124432 124480 124514 124562 124610 124760 
